2 3:39:328 3 4 288.672 3 0.0 16.464 0.0
2 3:40:329 4 4 291.944 3 2 2.079276836158192 0.0
3 3:41:329 5 3 797.496 3 1.88 2.0262650602409638 5.451
4 3:42:331 6 3 822.368 3 1.92 2.477483870967742 5.489
5 3:43:333 7 3 876.136 3 1.92 2.510875 5.508
6 3:44:334 8 2 395.104 3 1.76 1.6888141592920354 5.56
7 3:45:335 9 2 410.192 3 1.6 1.924994923857868 5.568
8 3:46:341 10 1 377.8 3 1.6 1.9077720207253885 5.595
0 4:3:919 3 1 307.088 3 2 0 0.0
1 4:4:920 4 0 368.032 3 2.52 1.7278497652582159 4.548
2 4:5:921 5 0 336.36 3 2.52 2.368732394366197 4.551
3 4:6:934 5 3 797.496 3 2.52 2.368732394366197 4.558
4 4:7:935 6 3 822.368 3 2.52 2.2257481481481483 4.579
5 4:8:951 7 3 876.136 3 2.32 2.1509774436090225 4.561
6 4:9:978 8 2 395.104 3 2.36 2.967056768558952 4.597
7 4:10:947 9 2 410.192 3 2.16 1.9050058479532164 4.616
8 4:11:952 10 1 377.8 3 1.76 2.0069317507418396 4.618
9 4:12:953 11 0 329.672 3 1.56 2.212563758389262 4.609
10 4:13:968 12 0 356.792 3 1.56 2.287128205128205 4.611
11 4:14:971 12 4 341.176 3 1.56 2.287128205128205 4.619
12 4:15:972 13 2 369.912 3 1.36 2.236521739130435 4.622
13 4:16:984 14 2 348.448 3 1.36 2.8916721311475406 4.622
14 4:17:985 16 4 116.816 2 0.24 9.741333333333333 4.619
15 4:18:986 18 1 305.184 2 2.04 1.9900952380952381 4.628
16 4:19:987 19 1 412.224 2 2.04 2.4014814814814813 4.618
17 4:20:987 20 1 340.92 2 1.84 2.19376 4.632
18 4:21:988 21 2 38.224 2 2.04 2.622153846153846 4.623
19 4:22:989 22 0 44.04 2 2.04 1.6938461538461538 4.623
20 4:23:990 23 0 254.48 2 1.84 2.2926126126126127 4.627
21 4:25:8 24 0 251.24 2 1.84 1.7569230769230768 4.639
22 4:26:10 25 0 248.016 2 1.84 1.7223333333333333 4.651
23 4:27:12 26 0 207.344 2 1.64 2.3297078651685394 4.66
24 4:28:24 27 0 184.712 2 1.84 2.3988571428571426 4.654
25 4:29:25 28 0 215.008 2 1.84 2.4432727272727273 4.664
26 4:30:32 29 0 209.872 2 1.84 2.306285714285714 4.67
27 4:31:35 30 0 158.352 2 1.84 1.7594666666666667 4.663
28 4:32:36 31 0 234.152 2 1.84 1.9512666666666667 4.664
29 4:33:36 32 0 222.568 2 1.84 2.6496190476190478 4.687
30 4:34:38 33 0 107.464 2 1.84 2.4423636363636363 4.668
31 4:35:39 34 0 113.704 2 1.84 2.8426 4.673
32 4:36:52 35 0 114.976 2 1.84 2.3953333333333333 4.681
33 4:37:53 36 0 122.728 2 1.84 2.0119344262295082 4.688
34 4:38:54 37 0 114 2 1.84 2.326530612244898 4.674
35 4:39:56 38 0 120.24 2 1.84 2.613913043478261 4.676
36 4:40:56 39 0 122.136 2 1.84 1.507851851851852 4.674
37 4:41:57 40 0 118.432 2 1.84 2.574608695652174 4.683
38 4:42:58 41 0 121.136 2 1.84 2.42272 4.697
39 4:43:60 42 0 109.216 2 1.84 2.3742608695652176 4.705
40 4:44:60 43 0 131.464 2 1.84 2.857913043478261 4.707
41 4:45:60 44 0 120.104 2 1.84 2.0356610169491525 4.704
42 4:46:65 45 0 144.768 2 1.84 3.3666976744186043 4.706
43 4:47:66 45 4 171.224 2 1.84 3.3666976744186043 4.726
44 4:48:66 47 0 542.584 2 1.84 2.6728275862068966 4.704
45 4:49:83 48 1 135.984 2 1.84 2.3749361702127656 4.714
46 4:50:84 49 1 138.536 2 1.84 2.3326984126984125 4.723
47 4:51:85 50 0 613 2 1.84 2.3045112781954886 4.708
48 4:52:90 51 0 612.776 2 1.84 2.105759450171821 4.722
49 4:53:90 51 4 96.744 2 1.84 2.105759450171821 4.717
50 4:54:91 52 4 181.752 2 1.84 1.9608447204968944 4.714
51 4:55:92 53 4 175.224 2 1.84 1.975568345323741 4.715
52 4:56:93 55 0 271.928 2 1.84 1.7102389937106919 4.715
53 4:57:94 56 0 309.912 2 1.84 2.3127761194029848 4.715
54 4:58:94 56 4 61.624 2 1.84 2.3127761194029848 4.714
55 4:59:96 58 0 80.184 2 1.84 1.9557073170731707 4.717
56 5:0:96 59 0 274.728 2 1.64 1.8562702702702703 4.717
57 5:1:107 60 0 123.088 2 1.64 2.6188936170212767 4.728
58 5:2:108 61 0 135.088 2 1.64 3.141581395348837 4.736
59 5:3:111 62 0 158.56 2 1.84 1.9103614457831324 4.742
60 5:4:111 62 4 169.688 2 1.64 1.9103614457831324 4.757
61 5:5:112 64 0 149.888 2 1.84 2.5842758620689654 4.743
62 5:6:113 65 0 159.144 2 1.84 2.2103333333333337 4.749
63 5:7:114 66 0 197.512 2 1.64 2.015428571428571 4.745
64 5:8:114 67 0 192.552 2 1.64 2.4069000000000003 4.756
65 5:9:115 68 0 187.312 2 1.64 2.5312432432432432 4.742
66 5:10:116 69 0 210.136 2 1.64 2.4721882352941176 4.741
67 5:11:118 70 0 176.384 2 1.84 2.2613333333333334 4.74
68 5:12:119 71 0 174.616 2 1.84 1.5590714285714287 4.747
69 5:13:119 72 0 168.752 2 1.64 2.44568115942029 4.747
70 5:14:120 73 0 68.336 2 1.64 2.3564137931034486 4.75
71 5:15:121 74 0 59.4 2 1.84 2.0482758620689654 4.752
72 5:16:130 75 0 155.144 2 1.84 2.315582089552239 4.753
73 5:17:131 76 0 55.784 2 1.84 1.6904242424242424 4.756
74 5:18:131 77 0 125.976 2 1.84 2.290472727272727 4.777
75 5:19:131 78 0 61.28 2 1.64 2.7854545454545456 4.767
76 5:20:132 79 0 35.712 2 1.84 2.232 4.768
77 5:21:133 79 3 31.464 2 1.84 2.232 4.765
78 5:22:133 80 3 215.504 2 1.64 3.0554074074074076 4.768
79 5:23:151 81 3 235.408 2 1.64 3.0717714285714286 4.782
80 5:24:152 82 3 254.656 2 1.44 2.4138823529411764 4.771
81 5:25:153 83 3 216.192 2 1.44 2.488390243902439 4.777
82 5:26:154 84 3 195.68 2 1.64 3.1555 3.808
83 5:27:174 85 3 226.248 2 1.6 1.713964912280702 3.809
84 5:28:175 86 4 633.672 2 1.44 1.8203 3.808
85 5:29:176 87 4 644.624 2 1.64 2.0574222222222223 3.797
86 5:30:177 88 4 586.488 2 1.6 2.2898823529411767 3.788
87 5:31:178 90 0 157.576 2 1.6 2.1294054054054055 3.796
88 5:32:187 91 0 61.728 2 1.6 2.572 3.82
89 5:33:188 92 0 59.952 2 1.6 2.1411428571428575 3.801
90 5:34:188 93 0 61.472 2 1.6 1.808 3.829
91 5:35:189 94 0 59.984 2 1.6 11.996799999999999 3.838
92 5:36:204 95 0 60.704 2 1.6 2.168 3.837
93 5:37:205 96 0 67.248 2 1.6 2.802 3.817
94 5:38:206 97 0 69.2 2 1.6 2.3066666666666666 3.826
95 5:39:213 98 0 70.056 2 1.6 1.0777846153846153 3.836
96 5:40:207 98 3 118.84 2 1.6 1.0777846153846153 3.827
97 5:41:225 100 0 82.528 2 1.6 2.7509333333333332 3.835
98 5:42:233 101 0 74.28 2 1.6 2.9711999999999996 3.826
99 5:43:236 102 0 49.12 2 1.6 1.8892307692307693 3.827
100 5:44:237 103 0 40.984 2 1.6 1.5763076923076924 3.824
101 5:45:238 104 0 133.752 2 1.6 1.7833599999999998 3.842
102 5:46:239 105 0 214.84 2 1.6 1.7755371900826447 3.84
103 5:47:239 106 0 152.824 2 1.6 1.7565977011494254 3.857
104 5:48:257 107 0 121.24 2 1.6 2.2875471698113206 3.859
105 5:49:258 108 0 87.76 2 1.6 3.989090909090909 3.837
106 5:50:258 109 0 98.232 2 1.6 2.889176470588235 3.846
107 5:51:259 110 0 165.456 2 1.6 1.9697142857142858 3.846
108 5:52:260 111 0 173 2 1.6 2.1898734177215187 3.844
109 5:53:262 112 0 41.488 2 1.6 1.6595199999999999 3.848
110 5:54:262 113 0 46.904 2 1.6 1.804 3.854
111 5:55:263 114 0 84.056 2 1.6 2.0501463414634147 3.857
112 5:56:263 115 0 36.248 2 1.6 2.132235294117647 3.857
113 5:57:264 116 0 190.976 2 1.8 1.5526504065040652 3.858
114 5:58:265 116 4 338.512 2 1.6 1.5526504065040652 3.854
115 5:59:270 118 0 94.544 2 1.6 1.4324848484848485 3.869
116 6:0:271 119 0 108.224 2 1.6 2.848 3.848
117 6:1:273 120 0 107.352 2 1.6 2.3855999999999997 3.859
118 6:2:274 120 0 107.352 2 1.2 2.3855999999999997 3.859
119 6:3:276 120 0 107.352 2 0.2 2.3855999999999997 3.872