1 41:50:501 2 2 263.896 3 0.0 2.5037894736842103 0.0
1 41:51:500 3 2 332.36 3 2 1.3438206278026905 0.0
2 41:52:501 4 2 374.872 3 2.08 2.1906666666666665 5.155
3 41:53:502 5 2 358.864 3 2.08 2.1154716981132076 5.159
4 41:54:503 6 2 349.368 3 2.08 1.92005 5.172
5 41:55:504 7 2 366.04 3 2.08 1.971730061349693 5.177
6 41:56:505 8 2 395.104 3 2.08 2.3131636363636363 5.174
7 41:57:506 9 2 410.192 3 1.88 2.2047906976744183 5.181
8 41:58:506 10 0 368.2 3 1.68 2.2180722891566265 5.207
9 41:59:507 11 0 329.672 3 1.48 2.1132820512820514 5.182
10 42:0:507 12 0 356.792 3 1.48 2.3473157894736842 5.182
11 42:1:508 12 4 341.176 3 1.48 2.3473157894736842 5.18
12 42:2:509 13 3 894.256 3 1.48 2.5905035971223023 5.171
13 42:3:510 14 3 870.072 3 1.44 2.2614358974358977 5.171
14 42:4:518 16 3 114.848 3 2.04 1.8785 5.176
15 42:5:519 18 2 119.728 3 2.8 2.048 5.169
16 42:6:533 19 4 294.792 3 3.4 1.8586666666666667 5.168
17 42:7:534 21 0 138.672 3 3.8 2.2011428571428575 5.175
18 42:8:536 22 0 100.248 3 3.8 2.179304347826087 5.176
19 42:9:537 22 4 485.88 3 3 2.179304347826087 5.173
20 42:10:538 23 0 2047.92 3 2.84 2.2628950276243094 5.207
21 42:11:543 23 3 583.968 3 2.24 2.2628950276243094 5.189
22 42:12:544 24 0 598.208 3 2.04 2.461761316872428 5.197
23 42:13:545 24 4 565.328 3 1.64 2.461761316872428 5.211
24 42:14:546 25 3 423.488 3 1.24 2.144560311284047 5.221
25 42:15:546 26 2 298.904 3 1.04 3.4225611510791367 5.225
26 42:16:551 27 1 1006.44 3 1.04 3.3933333333333335 5.22
27 42:17:555 28 1 1003.08 3 1.04 2.4966153846153847 5.224
28 42:18:556 29 0 443.456 3 0.64 2.2858556701030928 5.22
29 42:19:557 30 0 366.832 3 0.64 3.527230769230769 5.223
30 42:20:558 30 4 469.896 3 0.44 3.527230769230769 5.229
31 42:21:559 31 3 439.552 3 0.44 2.4214857142857147 5.227
32 42:22:560 32 4 279.6 3 0.24 2.1054141414141414 5.238
33 42:23:561 34 0 279.776 3 0.64 2.3709830508474576 5.23
34 42:24:571 35 0 280.248 3 1.04 2.278439024390244 5.233
35 42:25:572 36 3 256.648 3 1.04 1.9259354838709677 5.237
36 42:26:573 37 4 264.776 3 1.24 1.6676770186335406 5.236
37 42:27:583 39 0 274.824 3 1.64 1.9771510791366906 5.242
38 42:28:586 40 1 688.464 3 2.04 1.68035 5.244
39 42:29:588 41 3 267.072 3 2.04 2.5185964912280703 5.274
40 42:30:598 43 0 269.488 3 2.28 2.3033162393162394 5.271
41 42:31:599 44 0 246.096 3 2.44 2.9650120481927713 5.288
42 42:32:599 45 0 279.36 3 2.88 1.900408163265306 5.284
43 42:33:607 46 2 360.824 3 2.68 2.2360461538461536 5.272
44 42:34:608 47 1 414.712 3 2.88 2.2578666666666667 5.273
45 42:35:609 48 1 330.8 3 2.88 2.039942238267148 5.277
46 42:36:610 49 1 303.856 3 2.68 2.235246861924686 5.279
47 42:37:610 50 3 186.816 3 2.84 2.0927113163972284 5.274
48 42:38:612 51 3 212.872 3 2.84 2.052785553047404 5.275
49 42:39:612 52 2 317.312 3 2.84 2.2323584905660376 5.267
50 42:40:613 53 1 328.128 3 2.84 1.902288288288288 5.293
51 42:41:616 54 1 246.312 3 2.88 1.9653154362416108 5.31
52 42:42:616 55 3 126.072 3 3.28 2.3906976744186044 5.305
53 42:43:617 56 3 149.656 3 3.08 1.9203464566929134 5.294
54 42:44:618 57 3 85 3 3.28 2.309276595744681 5.313
55 42:45:626 58 2 341.976 3 3.28 1.9126451612903226 5.31
56 42:46:631 59 1 627.496 3 3.08 2.298654205607477 5.308
57 42:47:631 60 2 220.392 3 2.68 2.6917913043478263 5.298
58 42:48:645 61 2 282.776 3 3.08 2.4855039999999997 5.321
59 42:49:646 62 2 291.408 3 3.08 2.2004938271604937 5.306
60 42:50:647 63 1 787.816 3 3.08 2.7888888888888888 5.306
61 42:51:648 64 1 817.928 3 3.08 2.5627246376811597 5.31
62 42:52:649 65 1 885.952 3 3.08 2.312588957055215 5.336
63 42:53:650 66 0 416.032 3 2.88 2.4617278106508875 5.317
64 42:54:651 67 0 448.072 3 2.68 2.9871466666666664 5.322
65 42:55:660 67 4 865.872 3 2.68 2.9871466666666664 5.318
66 42:56:661 68 4 387.504 3 2.48 2.5976830601092895 5.321
67 42:57:662 69 2 354.144 3 2.08 1.793273631840796 5.317
68 42:58:667 70 2 411.808 3 2.08 2.180602368866328 5.314
69 42:59:668 71 0 880.624 3 2.08 2.380064864864865 5.319
70 43:0:669 72 0 410.976 3 1.68 2.0652060301507538 5.342
70 43:1:670 73 0 113.184 3 0.4 4.192 5.342
71 43:2:701 75 0 258.88 3 2.24 1.9176296296296296 5.698
72 43:3:702 76 1 108.768 3 2.44 3.300848484848485 5.685
73 43:4:703 77 0 216.512 3 2.44 2.353391304347826 5.679
74 43:5:704 78 0 110.424 3 2.44 2.693268292682927 5.682
75 43:6:705 79 1 78.624 3 2.44 2.052705882352941 5.681
76 43:7:706 79 3 74.52 3 2.4 2.052705882352941 5.675
77 43:8:707 80 1 581.504 3 1.6 2.181581395348837 5.691
78 43:9:707 80 3 584.096 3 1.4 2.181581395348837 5.701
79 43:10:717 81 2 557.264 3 0.8 2.2561684210526316 5.717
79 43:11:718 82 0 460.368 3 0 2.740285714285714 5.717
79 43:12:719 82 3 573.792 3 0.8 2.740285714285714 5.717
79 43:13:720 83 2 555.672 3 1.6 2.344 5.717
80 43:14:720 84 1 480.408 3 1.64 2.2825066666666665 8.33
81 43:15:720 85 0 329.072 3 1.44 2.964612612612613 8.309
82 43:16:720 85 3 501.688 3 1.24 2.964612612612613 8.302
83 43:17:721 86 2 498.352 3 1.04 3.037767441860465 8.306
84 43:18:722 87 1 421.256 3 0.6 2.0032611464968153 8.305
85 43:19:723 88 0 418.184 3 0.4 2.7512105263157896 8.304
86 43:20:723 88 4 1004.928 3 0.4 2.7512105263157896 8.316
86 43:21:727 89 3 470.84 3 0.4 1.474193548387097 8.316
86 43:22:729 90 2 333.752 3 1.2 2.382278481012658 8.316
87 43:23:739 91 2 318.184 3 2.04 2.5146666666666664 10.575
88 43:24:740 92 3 310.504 3 2.24 3.211542857142857 10.577
89 43:25:740 93 3 340.552 3 2.44 2.356387096774194 10.576
90 43:26:745 94 4 743.192 3 2.64 1.6592380952380952 10.582
91 43:27:746 96 0 217.888 3 2.64 3.1126857142857145 10.58
92 43:28:747 97 2 274.76 3 2.84 2.0766476190476193 9.574
93 43:29:748 98 3 295.656 3 3.04 2.4946666666666664 9.588
94 43:30:756 99 3 257.24 3 3.24 1.7417247706422017 9.567
95 43:31:757 101 0 196.096 3 3.64 2.3914146341463414 9.568
96 43:32:758 102 2 272.872 3 3.8 2.7738571428571426 9.573
97 43:33:767 103 2 273.424 3 4.4 1.699830985915493 9.578
98 43:34:767 104 2 409.536 3 4.2 1.9763128491620112 9.56
99 43:35:785 105 2 388.712 3 4 1.9096652360515023 9.558
100 43:36:787 106 2 359.152 3 4 2.226933333333333 9.56
101 43:37:788 107 2 200.928 3 4.4 2.398612244897959 9.588
102 43:38:788 108 4 287.592 3 4.4 2.5001481481481482 9.574
103 43:39:789 109 4 273.76 3 4.4 2.179816513761468 9.581
104 43:40:790 110 4 323.584 3 4.4 1.946534161490683 9.584
105 43:41:790 112 2 57.816 3 4.4 2.5991999999999997 9.586
106 43:42:792 113 4 145.456 3 5.4 3.2391111111111113 9.592
107 43:43:792 115 0 80.856 3 5.4 2.1852972972972977 9.579
108 43:44:792 115 4 218.784 3 5.6 2.1852972972972977 9.582
109 43:45:793 116 3 458.264 3 5.4 1.5898883248730966 9.581
110 43:46:794 117 3 241.368 3 5.2 2.8945934065934065 9.585