2 36:14:462 5 2 36.328 0 2 3.1706666666666665 0.0
3 36:15:463 6 2 36.984 0 2.88 0.879741935483871 3.865
4 36:16:464 7 0 26.16 3 2.88 0.8175 3.874
5 36:17:464 7 3 1242.144 3 2.48 0.8175 3.876
6 36:18:464 8 0 2277.608 3 1.68 2.257292368681863 3.862
7 36:19:465 8 3 927.92 3 1.28 2.257292368681863 3.886
8 36:20:466 9 2 410.192 3 1.08 2.4785882352941178 3.876
9 36:21:468 10 2 415.256 3 0.88 2.2588957055214722 3.896
10 36:22:469 13 2 34.992 0 0.88 2.3977142857142857 3.897
11 36:23:469 14 2 34.04 0 2.88 4.7942857142857145 3.903
12 36:24:469 15 0 33.112 3 2.88 1.7427368421052631 3.905
13 36:25:470 15 4 504.568 3 2.08 1.7427368421052631 3.907
14 36:26:470 16 4 198.504 3 2.08 2.3138374558303885 3.904
15 36:27:471 17 4 146.952 3 2.08 1.9054 3.899
16 36:28:472 18 4 123.672 3 2.28 1.8688 3.884
17 36:29:473 19 4 444.072 3 2.04 1.5088 3.881
18 36:30:481 21 0 138.672 3 2.04 2.2011428571428575 3.889
19 36:31:485 22 0 100.248 3 2.04 2.0458775510204084 3.886
20 36:32:485 22 1 1777.76 3 2.04 2.0458775510204084 3.889
21 36:33:487 22 4 485.88 3 1.84 2.0458775510204084 3.88
22 36:34:488 23 1 1592.352 3 1.04 2.0918488253319714 3.875
23 36:35:488 24 0 598.208 0 0.44 1.8694000000000002 3.87
24 36:36:488 26 1 1046.04 3 1.84 1.8016842105263158 3.871
25 36:37:489 27 0 427.56 3 1.64 2.3753333333333333 3.871
26 36:38:490 28 0 1299.36 3 1.4 2.2795789473684214 3.889
27 36:39:492 28 3 424.768 3 1.16 2.2795789473684214 3.873
28 36:40:493 29 4 374.264 3 1 2.0836619718309857 3.889
29 36:41:493 30 3 441.688 3 1 2.6390791366906474 3.894
30 36:42:497 31 1 914.608 3 1 1.9988679245283019 3.897
31 36:43:517 34 2 15.16 0 0.6 2.559 3.894
32 36:44:519 35 2 15.152 0 2.8 21.976 3.896
33 36:45:522 36 0 24.728 3 2.8 1.0303333333333333 3.899
34 36:46:535 36 3 437.096 3 2 1.0303333333333333 3.883
35 36:47:536 37 0 1679.808 3 1.8 2.251753351206434 3.894
36 36:48:537 38 0 271.896 3 1.4 1.8248053691275168 3.898
37 36:49:550 39 3 263.264 3 1.6 2.3833656387665196 3.894
38 36:50:551 40 4 264.432 3 2 3.0902988505747127 3.889
39 36:51:554 41 4 250.52 3 2 2.5408849557522126 3.889
40 36:52:555 42 4 264.112 3 2 2.3127339449541284 3.903
41 36:53:556 43 4 249.392 3 2 1.5577341040462427 3.902
42 36:54:557 44 4 273.072 3 2 2.12151724137931 3.901
43 36:55:558 45 4 280.2 3 2 2.5396363636363635 3.897
44 36:56:559 46 3 377.92 3 1.8 2.015013698630137 3.904
45 36:57:563 47 3 432.464 3 2 2.964875420875421 3.9
46 36:58:564 48 3 337.944 3 1.8 2.089745042492918 3.906
47 36:59:564 49 4 205.08 3 1.8 2.3637209302325584 3.914
48 37:0:565 50 4 190.76 3 1.8 2.2998578680203043 3.911
49 37:1:566 51 4 223.28 3 1.8 2.2234327628361856 3.912
50 37:2:567 52 2 317.312 3 1.8 2.1961020881670534 3.911
51 37:3:567 53 2 315.424 3 1.8 2.2403607427055703 3.919
52 37:4:569 54 4 63.352 3 1.8 2.387217391304348 3.912
53 37:5:570 55 4 144.088 3 2.2 2.310112359550562 3.901
54 37:6:570 56 4 139.424 3 2.2 2.488612244897959 3.905
55 37:7:572 57 4 63.896 3 2.2 2.398585635359116 3.922
56 37:8:573 58 3 403.96 3 2 1.769910447761194 3.93
57 37:9:574 59 2 562.456 3 2 1.8919692307692308 3.908
58 37:10:575 60 4 288.648 3 2 2.8964301075268817 3.922
59 37:11:575 61 4 344.392 3 2 1.8604071856287425 3.926
60 37:12:576 62 3 334.496 3 2 1.9695027624309391 3.927
61 37:13:577 63 3 313.232 3 2 2.8338709677419356 3.928
62 37:14:577 64 3 329.632 3 2 2.422301369863014 3.926
63 37:15:592 65 3 400.08 3 2 2.771705882352941 3.94
64 37:16:601 66 3 309.904 3 1.8 2.0595643564356436 3.929
65 37:17:602 67 0 448.072 3 1.8 2.503195530726257 3.941
66 37:18:603 68 0 1341.216 3 1.4 2.184390879478827 3.934
67 37:19:604 68 4 348.68 3 1 2.184390879478827 3.943
68 37:20:605 69 3 420.928 3 1 1.9089641025641026 3.943
69 37:21:606 70 2 411.808 3 1 2.273443298969072 3.951
70 37:22:607 73 3 27.056 0 0.8 0 3.948
71 37:23:608 74 3 45.144 0 2.8 0.942 3.937
72 37:24:609 75 0 59.264 3 2.8 1.5195897435897436 3.938
73 37:25:610 75 3 285.968 3 2 1.5195897435897436 3.95
74 37:26:611 76 3 114.16 3 1.8 1.9410018552875694 3.943
75 37:27:612 77 3 350.856 3 2 2.143683168316832 3.951
76 37:28:613 78 3 112.44 3 2 2.3005 3.95
77 37:29:613 79 3 74.52 3 2.2 2.3264 3.959
78 37:30:614 80 0 375.232 3 1.6 2.420851612903226 3.952
79 37:31:615 80 3 584.096 3 1.4 2.420851612903226 3.938
80 37:32:616 83 0 18.816 3 0.6 0 3.973
81 37:33:617 83 1 461.304 3 2 0 3.95
82 37:34:618 83 3 1071.84 3 1.4 0 3.942
83 37:35:621 86 2 50.752 0 0.6 2.501 3.972
84 37:36:622 87 3 30.072 0 3.04 0 4.007
85 37:37:623 88 0 46.808 3 3 1.3767058823529412 4.009
86 37:38:625 88 2 533.992 3 2 1.3767058823529412 4.006
87 37:39:625 88 3 1007.376 3 1.6 1.3767058823529412 4.002
88 37:40:626 91 0 15.4 0 0.6 0 4.02
89 37:41:630 92 3 21.784 0 3.04 1.6835555555555557 4.038
90 37:42:630 93 0 15.52 3 3.04 1.552 4.033
91 37:43:630 93 2 294.8 3 2.04 1.552 4.04
92 37:44:633 93 4 1385.4 3 1.64 1.552 4.042
93 37:45:639 94 3 300.32 3 1 2.2381949860724233 4.035
94 37:46:642 95 3 298.112 3 1 1.70139837398374 4.026
95 37:47:643 96 3 292.16 3 1.2 2.1573069306930694 4.033
96 37:48:644 98 0 209.552 3 1.4 3.27425 4.044
97 37:49:644 99 3 257.24 3 1.6 2.4031392405063294 4.038
98 37:50:644 100 3 269.912 3 1.8 2.068 4.038
99 37:51:656 101 3 245.864 3 1.8 2.042666666666667 4.029
100 37:52:657 102 2 272.872 3 2 2.632813559322034 4.04
101 37:53:658 103 2 273.424 3 1.6 1.588 4.038
102 37:54:659 104 2 409.536 3 1.8 2.253248407643312 4.034
103 37:55:659 105 1 430.024 3 1.6 2.329591623036649 4.02
104 37:56:660 106 2 359.152 3 1.56 2.313638888888889 4.018
