4 6:28:8 6 2 349.368 3 2 0.6992820512820512 0.0
5 6:29:9 7 2 366.04 3 1.6 2.2795219123505976 4.52
6 6:30:10 8 1 398.28 3 1.56 2.507217712177122 4.491
7 6:31:10 9 0 651.512 3 1.32 2.515490347490348 4.458
8 6:32:14 10 0 676.336 3 1.32 2.6012923076923076 4.468
9 6:33:16 10 3 915.136 3 1.32 2.6012923076923076 4.472
10 6:34:17 11 3 995.92 3 1.32 1.7904214046822742 4.486
11 6:35:18 13 0 143.264 2 1.32 2.1706666666666665 4.465
12 6:36:18 14 2 156.304 2 1.68 1.4151619047619046 4.46
13 6:37:18 15 2 104.432 3 1.88 1.9451692307692308 4.457
14 6:38:19 15 4 504.568 3 1.44 1.9451692307692308 4.415
15 6:39:20 17 0 134.352 3 1.84 2.920695652173913 4.397
16 6:40:20 18 4 62.824 2 1.6 1.967157894736842 4.394
17 6:41:21 19 0 64.84 3 1.84 2.2358620689655173 4.436
18 6:42:37 19 4 975.4 3 1.4 2.2358620689655173 4.383
19 6:43:37 20 2 125.352 3 0.56 2.2241840490797546 4.333
20 6:44:38 22 0 0.032 3 1.84 2.202 4.349
21 6:45:48 22 4 485.88 3 0.76 2.202 4.354
22 6:46:49 22 4 485.88 3 0.56 2.202 4.338
23 6:47:68 23 0 4311.496 3 0 2.0868809293320427 4.297
24 6:48:69 23 2 441.88 3 0 2.0868809293320427 4.222
25 6:49:70 24 0 598.208 2 0.2 2.4821908713692946 4.217
26 6:50:71 25 2 95.032 2 0.44 2.610694736842105 4.219
27 6:51:91 27 0 184.712 2 0.64 2.676985507246377 4.181
28 6:52:86 28 0 215.008 2 1.24 2.500093023255814 4.205
29 6:53:87 29 4 157 2 1.64 3.557152542372881 4.186
30 6:54:88 31 0 234.152 2 2.24 1.773878787878788 4.214
31 6:55:89 32 1 774.792 3 2.64 4.364078431372549 4.21
32 6:56:89 33 2 179.728 3 2.64 2.576613496932515 4.183
33 6:57:90 34 3 266.784 3 2.6 1.9713594306049822 4.183
34 6:58:96 35 4 264.208 3 2.6 2.7208543689320392 4.152
35 6:59:97 36 3 256.648 3 2.56 1.889367088607595 4.134
36 7:0:98 37 4 264.776 3 2.56 1.945623188405797 4.121
37 7:1:99 38 4 266.232 3 2.52 1.81264 4.121
39 7:2:104 39 3 263.264 3 2.52 2.955096774193548 4.103
40 7:3:104 40 4 264.432 3 2.48 1.9342158273381294 4.07
41 7:4:104 41 4 250.52 3 2.48 2.3926666666666665 4.068
42 7:5:105 43 0 131.464 3 2.64 1.800876712328767 4.1
43 7:6:120 43 3 455.4 3 2.64 1.800876712328767 4.054
44 7:7:140 43 4 704.76 3 2.2 1.800876712328767 4.005
45 7:8:188 45 0 279.36 3 1.4 2.494285714285714 4.021
46 7:9:189 45 4 280.2 3 1.96 2.494285714285714 3.991
47 7:10:190 46 4 419.672 3 1.96 2.2287272727272724 3.972
48 7:11:190 48 0 446.488 2 1.72 2.210336633663366 3.961
49 7:12:191 49 4 205.08 3 2.36 2.6087573964497044 4.007
50 7:13:192 50 4 190.76 3 2.36 2.0878894009216586 4.987
51 7:14:206 51 4 223.28 3 2.52 2.405777777777778 4.954
52 7:15:207 52 3 317.536 3 2.32 2.484304461942257 3.948
53 7:16:207 53 3 317.72 3 2.28 1.9551296296296297 3.919
54 7:17:211 54 4 63.352 3 2.2 2.207276381909548 3.904
55 7:18:211 55 4 144.088 3 2.6 2.462275449101796 3.896
56 7:19:213 56 4 139.424 3 2.6 2.333818181818182 3.912
57 7:20:214 58 0 118.584 3 2.6 2.757767441860465 3.896
58 7:21:232 58 3 403.96 3 2.36 2.757767441860465 3.837
59 7:22:215 59 2 562.456 3 2.16 1.8775267175572519 3.862
60 7:23:216 60 1 491.608 3 1.92 1.637862433862434 3.822
61 7:24:220 61 2 282.776 3 2.16 2.1635523465703974 3.862
62 7:25:221 62 2 291.408 3 2.16 2.190125 3.856
63 7:26:221 63 1 787.816 3 2.12 1.9672421052631577 3.854
64 7:27:229 64 0 703.288 3 2.08 2.298326797385621 3.844
65 7:28:254 65 0 734.952 3 1.64 2.0529385474860335 3.792
66 7:29:310 66 0 416.032 2 1.4 2.0595643564356436 3.786
67 7:30:306 67 0 192.552 2 1.6 2.4069000000000003 3.768
68 7:31:306 68 4 135.904 2 2 1.801076923076923 3.786
69 7:32:308 69 3 354.144 3 1.96 2.5016190476190476 3.747
70 7:33:323 70 1 1019.952 3 1.92 2.0609719626168226 3.695
71 7:34:326 71 0 1303.528 3 1.28 1.8891710144927536 3.677
72 7:35:321 71 4 404.424 3 1.08 1.8891710144927536 3.67
73 7:36:322 73 1 109.456 2 1.04 4.881142857142857 3.649
74 7:37:323 75 0 155.144 3 2.44 2.8208 3.65
75 7:38:324 75 3 285.968 3 2.24 2.8208 3.651
76 7:39:324 76 3 114.16 3 1.6 1.9555140186915887 3.612
77 7:40:331 77 3 350.856 3 2.04 2.023476635514019 3.639
78 7:41:332 78 4 506.856 3 2.24 1.8102295081967212 3.635
79 7:42:333 79 3 74.52 3 2.24 3.0344347826086957 3.667
80 7:43:334 80 0 375.232 2 1.4 2.006588235294118 3.61
81 7:44:334 81 2 205.28 2 1.4 4.886909090909091 3.62
82 7:45:336 82 1 568.776 3 1.8 2.782101694915254 3.606
83 7:46:336 82 4 573.792 3 1.56 2.782101694915254 3.602
84 7:47:337 83 3 516.2 3 0.96 2.3440505529225906 3.585
85 7:48:338 84 3 195.68 2 0.52 2.223220779220779 3.535
86 7:49:342 85 3 226.248 2 0.76 2.272 3.551
87 7:50:342 86 3 229.88 2 1.16 2.6004285714285715 3.596
88 7:51:345 88 1 256.832 2 1.36 2.00659793814433 3.589
89 7:52:346 89 1 262.696 2 1.32 2.953684210526316 3.593
90 7:53:347 90 2 333.752 3 1.72 3.0303076923076926 3.577
91 7:54:398 92 0 59.952 3 1.72 0 3.539
92 7:55:357 92 3 623.784 3 1.92 0 3.56
93 7:56:358 92 4 1384.584 3 1.24 0 3.519
94 7:57:359 94 0 59.984 2 0.84 1.538051282051282 3.474
95 7:58:360 96 0 67.248 3 1.88 3.3624 3.479
96 7:59:361 96 3 571.488 3 1.84 3.3624 3.502
97 8:0:362 96 4 1291.688 3 1.4 3.3624 3.464
98 8:1:388 98 0 209.552 3 1 2.831783783783784 3.412
99 8:2:389 99 1 108.832 2 1.2 1.8431844660194174 3.466
100 8:3:386 101 0 74.28 3 1.84 3.714 3.484
101 8:4:386 101 2 251.192 3 1.8 3.714 3.483
103 8:5:390 101 4 1198.416 3 1.12 3.714 4.389
104 8:6:391 102 3 139.36 2 0.28 1.580143820224719 3.371
104 8:7:395 104 0 133.752 2 0.92 2.4768888888888885 3.371
105 8:8:421 105 2 388.712 3 1.56 2.527529411764706 3.441
106 8:9:407 106 2 359.152 3 1.12 2.414231884057971 3.463
107 8:10:407 107 2 200.928 3 1.52 2.351030303030303 3.47
108 8:11:408 108 2 183.856 3 1.56 2.1095 3.424
109 8:12:409 109 3 625.464 2 1.52 2.013559322033898 3.451
110 8:13:414 111 1 174.872 2 2.08 1.4416666666666667 3.432
111 8:14:415 112 0 41.488 3 2.52 5.186 3.478
113 8:15:416 112 2 57.816 3 1.48 5.186 4.408
114 8:16:416 113 2 138.368 3 1.2 2.270487272727273 3.409
114 8:17:417 115 0 36.248 3 1.84 2.416533333333333 3.409
116 8:18:418 115 2 63 3 1.48 2.416533333333333 3.41
117 8:19:420 116 1 373.24 3 1.2 2.3207581699346407 4.42
118 8:20:421 117 0 526.816 2 1 1.8747900355871887 3.394
119 8:21:425 118 2 265.392 3 1.4 3.2601379310344827 3.379
120 8:22:426 119 4 378.928 2 1.44 2.3336936936936934 3.401
120 8:23:428 121 0 101.472 3 2.24 1.8791111111111112 3.401
122 8:24:428 121 2 323.88 3 1.44 1.8791111111111112 3.416