0.3600000000005821
0.14999999984866008
0.14999999984866008
0.44499999967229087
0.24000000030355295
0.13500000022759195
0.1649999994697282
0.11500000073283445
0.24500000017724233
0.11999999969702912
0.1700000002529123
0.1899999997476698
0.11999999969702912
0.14000000010128133
0.10999999994965037
0.11999999969702912
0.41000000055646524
0.1449999999749707
0.13999999919178663
0.14000000010128133
0.2699999995456892
0.4400000007080962
0.13500000022759195
0.11999999969702912
0.15499999972234946
0.13000000035390258
0.14999999984866008
0.2549999999246211
0.11999999969702912
0.13000000035390258
0.14000000010128133
0.18499999987398041
0.44499999967229087
0.11999999969702912
0.13500000022759195
0.14000000010128133
0.2700000004551839
0.23999999939405825
0.1249999995707185
0.1249999995707185
0.3550000001268927
0.15499999972234946
0.11999999969702912
0.2749999994193786
0.13500000022759195
0.24500000017724233
0.11499999982333975
0.15999999959603883
0.14000000010128133
0.1249999995707185
0.14999999984866008
0.1899999997476698
0.14999999984866008
0.15999999959603883
0.16999999934341758
0.11499999982333975
0.2749999994193786
0.16000000050553354
0.12000000060652383
0.12000000060652383
0.1700000002529123
0.9999999992942321
0.1149999998306157
0.14999999984866008
0.11999999970430508
0.9350000000267755
1.095000000525033
0.3000000005995389
0.240000000296277
0.12999999945168383
0.12500000049476512
0.41499999951338395
0.12500000049476512
0.17000000024563633
0.11999999970430508
0.15999999959603883
0.10999999994237442
0.1349999993108213
0.12999999945168383
0.14999999984866008
0.20500000027823262
0.31500000022060703
