0.21999999989930075
0.11499999982333975
0.21500000002561137
0.08999999954539817
0.10000000020227162
0.22000000080879545
0.09000000045489287
0.09000000045489287
0.07000000005064066
0.09000000045489287
0.24499999926774763
0.08499999967170879
0.054999999520077836
0.07499999992433004
0.22499999977299012
0.20500000027823262
0.11500000073283445
0.2299999996466795
0.06000000030326191
0.21500000002561137
0.07500000083382474
0.07500000083382474
0.07000000005064066
0.24499999926774763
0.09499999941908754
0.07000000005064066
0.06500000017695129
0.0850000005812035
0.09500000032858225
0.09500000032858225
0.08499999967170879
0.07499999992433004
0.07499999992433004
0.12000000060652383
0.21500000002561137
0.05500000042957254
0.07499999992433004
0.07499999992433004
0.2099999992424273
0.06500000017695129
0.04999999964638846
0.07499999992433004
0.20000000040454324
0.210000000151922
0.810000000456057
0.810000000456057
0.1700000002529123
0.9399999999004649
0.0850000005812035
0.07499999992433004
1.8900000004578033
0.21500000002561137
0.21500000002561137
0.21500000002561137
0.04999999964638846
0.2300000005561742
0.20500000027823262
0.12000000060652383
0.19499999962135917
0.19499999962135917
0.19499999962135917
0.06000000030326191
0.20499999936873792
0.07000000005064066
0.07000000005064066
0.22500000068976078
0.22500000068976078
0.22500000068976078
0.09000000046216883

